DrPomme.swf Rapport sur l'animation
------------------------------------

Métadonnées
-----------
octets        Valeur
----------    ------
      1001    <rdf:RDF xmlns:rdf="http://www.w3.org/1999/02/22-rdf-syntax-ns#"> <rdf:Description rdf:about="" xmlns:xmp="http://ns.adobe.com/xap/1.0/"> <xmp:CreatorTool>Adobe Flash CS4 Professional</xmp:CreatorTool> <xmp:CreateDate>2009-12-03T08:34:38-05:00</xmp:CreateDate> <xmp:MetadataDate>2013-09-08T16:31:19-04:00</xmp:MetadataDate> <xmp:ModifyDate>2013-09-08T16:31:19-04:00</xmp:ModifyDate> </rdf:Description> <rdf:Description rdf:about="" xmlns:dc="http://purl.org/dc/elements/1.1/"> <dc:format>application/x-shockwave-flash</dc:format> </rdf:Description> <rdf:Description rdf:about="" xmlns:xmpMM="http://ns.adobe.com/xap/1.0/mm/" xmlns:stRef="http://ns.adobe.com/xap/1.0/sType/ResourceRef#"> <xmpMM:DerivedFrom rdf:parseType="Resource"> <stRef:instanceID>xmp.iid:B0BDFAA8C218E311ADE9A6C729F02AD0</stRef:instanceID> <stRef:documentID>xmp.did:AEBDFAA8C218E311ADE9A6C729F02AD0</stRef:documentID> <stRef:originalDocumentID>xmp.did:840437F111E0DE11B05BDCD773A31904</stRef:originalDocumentID> </xmpMM:DerivedFrom> <xmpMM:DocumentID>xmp.did:B2BDFAA8C218E311ADE9A6C729F02AD0</xmpMM:DocumentID> <xmpMM:InstanceID>xmp.iid:B2BDFAA8C218E311ADE9A6C729F02AD0</xmpMM:InstanceID> <xmpMM:OriginalDocumentID>xmp.did:840437F111E0DE11B05BDCD773A31904</xmpMM:OriginalDocumentID> </rdf:Description> </rdf:RDF> 

Image #    Octets de l'image    Octets totaux    Séquence
-------    -----------------    -------------    --------
      1                15100            15100    titre (Image d'exportation des classes AS 3.0)
      2                 3389            18489    animation
      3                   17            18506    
      4                  138            18644    
      5                  138            18782    
      6                  138            18920    
      7                  138            19058    
      8                  138            19196    
      9                  138            19334    
     10                  138            19472    
     11                 3704            23176    
     12                  138            23314    
     13                 3156            26470    
     14                  138            26608    
     15                 3192            29800    
     16                  138            29938    
     17                 2641            32579    
     18                  138            32717    
     19                 2687            35404    
     20                  130            35534    
     21                 2679            38213    
     22                  130            38343    
     23                 2678            41021    
     24                  130            41151    
     25                 2629            43780    
     26                  130            43910    
     27                  268            44178    
     28                  130            44308    
     29                  208            44516    
     30                  130            44646    
     31                  215            44861    
     32                  130            44991    
     33                  208            45199    
     34                  130            45329    
     35                  268            45597    
     36                  130            45727    
     37                  208            45935    
     38                  130            46065    
     39                  211            46276    
     40                  130            46406    
     41                  211            46617    
     42                  130            46747    
     43                  268            47015    
     44                  130            47145    
     45                  208            47353    
     46                  130            47483    
     47                  215            47698    
     48                  130            47828    
     49                  208            48036    
     50                  130            48166    
     51                  268            48434    
     52                  130            48564    
     53                  208            48772    
     54                  130            48902    
     55                  211            49113    
     56                  130            49243    
     57                  211            49454    
     58                  190            49644    
     59                  208            49852    
     60                  130            49982    
     61                  208            50190    
     62                  130            50320    
     63                  216            50536    
     64                  130            50666    
     65                  208            50874    
     66                  190            51064    
     67                  208            51272    
     68                  130            51402    
     69                  208            51610    
     70                  130            51740    
     71                  211            51951    
     72                  130            52081    
     73                  211            52292    
     74                  190            52482    
     75                  145            52627    
     76                  130            52757    
     77                  130            52887    
     78                  149            53036    
     79                  130            53166    
     80                  204            53370    
     81                  130            53500    
     82                  269            53769    
     83                  130            53899    
     84                  216            54115    
     85                  130            54245    
     86                  208            54453    
     87                  130            54583    
     88                  208            54791    
     89                  130            54921    
     90                  310            55231    
     91                 2789            58020    
     92                 1013            59033    
     93                  555            59588    
     94                  448            60036    
     95                  550            60586    
     96                  409            60995    
     97                  130            61125    
     98                  190            61315    
     99                  146            61461    
    100                  130            61591    
    101                  314            61905    
    102                  130            62035    
    103                  146            62181    
    104                  130            62311    
    105                  356            62667    
    106                  190            62857    
    107                  130            62987    
    108                  135            63122    
    109                  130            63252    
    110                  135            63387    
    111                  130            63517    
    112                  130            63647    
    113                  135            63782    
    114                  190            63972    
    115                  146            64118    
    116                  130            64248    
    117                  416            64664    
    118                  483            65147    
    119                  146            65293    
    120                  130            65423    
    121                  130            65553    
    122                  207            65760    
    123                  130            65890    
    124                  146            66036    
    125                  146            66182    
    126                  146            66328    
    127                  146            66474    
    128                  130            66604    
    129                  196            66800    
    130                  130            66930    
    131                  130            67060    
    132                  130            67190    
    133                  130            67320    
    134                  130            67450    
    135                  130            67580    
    136                  146            67726    
    137                  190            67916    
    138                  146            68062    
    139                  130            68192    
    140                  135            68327    
    141                  130            68457    
    142                  130            68587    
    143                  130            68717    
    144                  135            68852    
    145                  190            69042    
    146                  130            69172    
    147                  135            69307    
    148                  135            69442    
    149                  130            69572    
    150                  130            69702    
    151                  135            69837    
    152                  130            69967    
    153                  190            70157    
    154                  130            70287    
    155                  130            70417    
    156                  146            70563    
    157                  130            70693    
    158                  130            70823    
    159                  130            70953    
    160                  130            71083    
    161                  190            71273    
    162                  130            71403    
    163                  146            71549    
    164                  130            71679    
    165                  130            71809    
    166                  130            71939    
    167                  335            72274    
    168                  130            72404    
    169                  190            72594    
    170                  146            72740    
    171                  130            72870    
    172                  130            73000    
    173                  146            73146    
    174                  130            73276    
    175                  130            73406    
    176                  130            73536    
    177                  207            73743    
    178                  130            73873    
    179                  130            74003    
    180                  130            74133    
    181                  130            74263    
    182                  322            74585    
    183                  130            74715    
    184                  130            74845    
    185                  190            75035    
    186                  130            75165    
    187                  130            75295    
    188                  130            75425    
    189                  130            75555    
    190                  358            75913    
    191                  130            76043    
    192                  317            76360    
    193                  190            76550    
    194                  368            76918    
    195                  130            77048    
    196                  374            77422    
    197                    1            77423    
    198                  199            77622    
    199                  130            77752    
    200                  439            78191    
    201                  130            78321    
    202                  231            78552    
    203                  295            78847    
    204                  307            79154    
    205                  315            79469    
    206                  309            79778    
    207                  341            80119    
    208                  426            80545    
    209                  365            80910    
    210                  364            81274    
    211                  351            81625    
    212                  151            81776    
    213                  267            82043    
    214                  142            82185    
    215                  142            82327    
    216                  202            82529    
    217                  440            82969    
    218                 2119            85088    
    219                 2020            87108    
    220                  290            87398    
    221                 1689            89087    
    222                  260            89347    
    223                  237            89584    
    224                  494            90078    
    225                  272            90350    
    226                  226            90576    
    227                  357            90933    
    228                  253            91186    
    229                  130            91316    
    230                  263            91579    
    231                  263            91842    
    232                  326            92168    
    233                  135            92303    
    234                  135            92438    
    235                  135            92573    
    236                  135            92708    
    237                  135            92843    
    238                  242            93085    
    239                  130            93215    
    240                  203            93418    
    241                  138            93556    
    242                  138            93694    
    243                  138            93832    
    244                  138            93970    
    245                  138            94108    
    246                  138            94246    
    247                  138            94384    
    248                  199            94583    
    249                  138            94721    
    250                  138            94859    
    251                  138            94997    
    252                  138            95135    
    253                  138            95273    
    254                  138            95411    
    255                  138            95549    
    256                  199            95748    
    257                  138            95886    
    258                  138            96024    
    259                  138            96162    
    260                  138            96300    
    261                  138            96438    
    262                  138            96576    
    263                  138            96714    
    264                  199            96913    
    265                  138            97051    
    266                  138            97189    
    267                  138            97327    
    268                  138            97465    
    269                  138            97603    
    270                  138            97741    
    271                  199            97940    
    272                  138            98078    
    273                  135            98213    
    274                  130            98343    
    275                  130            98473    
    276                  130            98603    
    277                  130            98733    
    278                  130            98863    
    279                  190            99053    
    280                  130            99183    
    281                  130            99313    
    282                  130            99443    
    283                  130            99573    
    284                  130            99703    
    285                  163            99866    
    286                  130            99996    
    287                  190           100186    
    288                  130           100316    
    289                  130           100446    
    290                  130           100576    
    291                  130           100706    
    292                  130           100836    
    293                  130           100966    
    294                  361           101327    revoir

Séquence     Octets de la forme    Octets du texte    Octets ActionScript
---------    ------------------    ---------------    -------------------
titre                         0                  0                    519
animation                 11018                  0                      0
revoir                        0                 82                      0

Symbole                      Octets de la forme    Octets du texte    Octets ActionScript
-------------------------    ------------------    ---------------    -------------------
arbre                                      1055                  0                      0
bouche                                     1923                  0                      0
bras_angle_0                                215                  0                      0
bras_angle_1                                201                  0                      0
bras_angle_2                                221                  0                      0
bras_angle_3                                212                  0                      0
bras_angle_4                                231                  0                      0
bras_droit_face                             326                  0                      0
bras_gauche_face                            329                  0                      0
BtnDebut                                    186                153                      0
BtnRevoir                                   186                 65                      0
corps_face                                  603                  0                      0
decor                                       364                  0                      0
decor_pour_plan_rapproche                     0                  0                      0
dr_clip                                       0                  0                      0
dr_face                                       0                  0                      0
dr_profil_fixe                                0                  0                      0
dr_profil_marche                          20037                  0                      0
dr_profil_marche_avance                       0                  0                      0
main_4_doigts                               237                  0                      0
main_doigt                                  381                  0                      0
nuage                                       107                  0                      0
nuage2                                      110                  0                      0
pomme                                       107                  0                      0
ref_pour_dessin_g                             0                  0                      0
fond_noir                                    32                  0                      0
tete_face                                  1169                  0                      0

Nom de la police    octets        Caractères
----------------    ----------    ----------
VinerHandITC             12967     '?ABDEILMNORTUVbceilnorstu É

Octets ActionScript    Emplacement
-------------------    -----------
                519    titre:Image 1

Bitmap      Compressé     Original      Compression
--------    ----------    ----------    -----------
lune.bmp           583         10000    Qualité JPEG=50




